    0.910722    -0.818019     0.773981     0.180217   -0.0719389    -0.504316    -0.737623    -0.300952   -0.0574753     0.377962
    0.496585    -0.450824     0.304117     0.910818      0.92219   -0.0471364     0.771297   -0.0953997    0.0119118     0.404413
    0.109168    -0.994001     -0.69933     0.112292    -0.747938    -0.221372    -0.815653     0.617889     0.200787     0.974291
    0.781475    -0.171413     0.362692    -0.703697    -0.600486    -0.593499    -0.675603     0.863349     0.635123      0.90883
    0.249699    -0.946247    -0.228371      0.96661    -0.361501     -0.94325    -0.857873     0.303292     0.511687     0.702539
    0.684079     0.419639    -0.224549    -0.182467     0.258538     0.803347    -0.269322    -0.569503     -0.07551    -0.421368
   -0.680465     0.875795 -0.000517935     -0.71636    -0.746576    -0.147005    -0.493885     0.359185     0.902735    0.0748515
   -0.574497    -0.520178    -0.704934     0.129797     0.302507    -0.715958    -0.729781     0.817844     0.265477    0.0288693
     0.42942    -0.638208     0.174373    -0.495747     0.243268     0.894974     0.566306    -0.499749    -0.121339    -0.793132
   -0.739145    -0.364921     0.691151   -0.0229709     0.606146    -0.179374   -0.0893854      0.72172     0.649395    -0.171943
 0.217136 0.0385433  0.189385  0.104587 0.0812769 0.0527458   0.04177  0.064641  0.082461  0.127455
 0.108293   0.04199 0.0893332   0.16387  0.165744 0.0628732   0.14253 0.0599108 0.0666975 0.0987577
 0.105771 0.0350966 0.0471237  0.106102 0.0448879 0.0760001 0.0419489  0.175914  0.115919  0.251237
 0.164156 0.0633026  0.107989 0.0371753 0.0412172 0.0415061 0.0382345  0.178161  0.141807  0.186451
 0.110202 0.0333271 0.0683231  0.225705 0.0598067 0.0334272 0.0364065   0.11627  0.143209  0.173323
 0.171203  0.131421 0.0690078 0.0719738  0.111867  0.192889 0.0659863  0.048875 0.0800986 0.0566789
0.0447376  0.212103 0.0883019 0.0431602 0.0418756 0.0762696 0.0539142  0.126528  0.217895 0.0952144
0.0579618 0.0611973 0.0508738  0.117223  0.139322  0.050316 0.0496253  0.233253  0.134257  0.105969
  0.13604 0.0467737  0.105415 0.0539351  0.112933  0.216697  0.155997 0.0537197 0.0784287 0.0400607
0.0380705 0.0553493  0.159132 0.0779147  0.146164 0.0666337 0.0729081  0.164072  0.152624 0.0671307
